H01: P6410
H02: Tourism Accomodation
H03: A64100
H04: Stay units available - Total industry
H15:  
H16: Actual figures
H17: Thousand
H23: RELEASE: 2016 11 
H24: START: 2007 01 
H25: MONTHLY
120.1
120.2
120.8
119.7
119.3
119.5
119.4
119.3
119.3
118.7
119
118.8
116.7
118.2
117.3
118.7
120.7
120.9
117.7
118.2
119
116.4
116.9
117.3
118
117.6
118
117.6
117.6
117.6
119.5
119.1
120.2
120.7
121.7
120.4
121.2
121.4
121.7
121.5
122
121.9
120.8
121.4
121.1
121.5
121.1
119.7
120.3
119.4
120.8
119.8
119.7
119.7
119.5
120.2
120.2
120.2
120.6
120.2
121.4
121.1
122
121.8
122
121.9
122.1
122.1
122.2
122
122.2
122.2
122.3
122.3
122.3
122.6
122.5
122.5
122.8
122.8
122.9
123.3
123
123.4
123.4
123.3
123.1
122.7
123.8
123.8
123.9
123.9
124
124
124
124
124.8
124.7
124.9
125
124.8
125
125
125
125
125
125
125
125
125
125.5
125.5
125.5
125.5
125.5
125.5
125.5
125.5
125.5
